va:130.8269935621398
na:1190.0
vb:130.8269935621398
nb:1190.0
T:31.0
t:278.0
