va:122.59837657266823
na:922.0
vb:122.59837657266823
nb:922.0
T:31.0
t:200.0
