va:124.56001728724267
na:1215.0
vb:124.56001728724267
nb:1215.0
T:31.0
t:100.0
