va:122.81686838541664
na:960.0
vb:122.81686838541664
nb:960.0
T:31.0
t:160.0
