va:122.34298104426803
na:881.0
vb:122.34298104426803
nb:881.0
T:31.0
t:100.0
